PAT: 1 1 2 2 1 1 1 2 2 2 1 2 0 0 0 0 0 0 0 
  23630766 49276832 638633646
  23630612 49276986 638633646
  23630612 49277310 638632836
  23630612 49277310 638633322
  23631090 49276832 638633322
  23591724 49316198 638633322
  23591400 49316198 638633646
  23591246 49316676 638632836
  23591246 49316676 638633322
  23591246 49316352 638633646
  20618862 52289060 638632836
  20618862 52289060 638633322
  20579496 52328426 638632836
  20579496 52328426 638633322
  20579172 52328426 638633646
  20618538 52289060 638633646
  20579018 52328580 638633646
  20579018 52328904 638633322
  20618384 52289214 638633646
  20618384 52289538 638633322
-------------------------------
