alexps@alexps-Z490-AORUS-ELITE-AC:~/Escritorio/sofia3_la_masacre_de_texas/sofia2_la_venganza$ ./sofia_cuda 
pat a seguir
1 1 2 2 1 1 1 2 2 2 1 2 0 0 0 0 0 0 0 
suma acumulada desde 0 agregando 1
1 1 2 2 1 1 1 2 2 2 1 2 0 0 0 0 0 0 0 
suma acumulada desde 0 agregando 2
1 1 2 2 1 1 1 2 2 2 1 2 0 0 0 0 0 0 0 
suma acumulada desde 1 agregando 2
1 1 2 2 1 1 1 2 2 2 1 2 0 0 0 0 0 0 0 
suma acumulada desde 1 agregando 0
1 1 2 2 1 1 1 2 2 2 1 2 0 0 0 0 0 0 0 
suma acumulada desde 2 agregando 0
1 1 2 2 1 1 1 2 2 2 1 2 0 0 0 0 0 0 0 
suma acumulada desde 2 agregando 1
1 1 2 2 1 1 1 2 2 2 1 2 0 0 0 0 0 0 0 
vector valido
=====================================
Inicio : Thu Jul 16 01:37:53 2026
=====================================
total_vectors 1162261467 
Pat distintos totales 49933 
Pat distintos totales con aparicion mayor a la suma requerida 49932 
49421 indice del pat conocido
19
969
3876
27132
50388
92378
Tamaño maximo a comprobar 92378
Combinatoria a realizar 50388
23630766-49276832-638633646
-------------------------------
23630612-49276986-638633646
-------------------------------
23630612-49277310-638632836
-------------------------------
23630612-49277310-638633322
-------------------------------
23631090-49276832-638633322
-------------------------------
23591724-49316198-638633322
-------------------------------
23591400-49316198-638633646
-------------------------------
23591246-49316352-638633646
-------------------------------
23591246-49316676-638632836
-------------------------------
23591246-49316676-638633322
-------------------------------
20618862-52289060-638632836
-------------------------------
20618862-52289060-638633322
-------------------------------
20618538-52289060-638633646
-------------------------------
20618384-52289214-638633646
-------------------------------
20618384-52289538-638633322
-------------------------------
20579496-52328426-638632836
-------------------------------
20579496-52328426-638633322
-------------------------------
20579172-52328426-638633646
-------------------------------
20579018-52328580-638633646
-------------------------------
20579018-52328904-638633322
-------------------------------
mTermine        
Busqueda size 19 mod 3 add_size 3 

=====================================
Inicio : Thu Jul 16 01:37:53 2026
Fin    : Thu Jul 16 02:39:49 2026
-------------------------------------
Tiempo total: 01:01:56
=====================================


PAT: 1 1 2 2 1 1 1 2 2 2 1 2 0 0 0 0 0 0 0 
  23630766 49276832 638633646
  23630612 49276986 638633646
  23630612 49277310 638632836
  23630612 49277310 638633322
  23631090 49276832 638633322
  23591724 49316198 638633322
  23591400 49316198 638633646
  23591246 49316676 638632836
  23591246 49316676 638633322
  23591246 49316352 638633646
  20618862 52289060 638632836
  20618862 52289060 638633322
  20579496 52328426 638632836
  20579496 52328426 638633322
  20579172 52328426 638633646
  20618538 52289060 638633646
  20579018 52328580 638633646
  20579018 52328904 638633322
  20618384 52289214 638633646
  20618384 52289538 638633322
-------------------------------
stdbuf -oL -eL ./sofia_cuda > salida_3.log 2>&1 & //ejecución del codigo



PAT: 1 2 1 1 1 2 2 2 1 1 2 2 0 0 0 0 0 0 0 
  6086384 231490728 704142774
  6086384 231490764 704142738
  6086384 231517008 704116494
  6086384 231516972 704116530
  8212148 232196886 703436616
  8212148 232196922 703436580
  6086384 232196886 703436616
  6086384 232196922 703436580
  8212148 232223166 703410336
  8212148 232223130 703410372
  6086384 232223166 703410336
  6086384 232223130 703410372
  2897738 234679374 704142774
  2897738 234679410 704142738
  2897738 234705654 704116494
  2897738 234705618 704116530
  2897738 235385532 703436616
  2897738 235385568 703436580
  2897738 235411812 703410336
  2897738 235411776 703410372
-------------------------------
PAT: 1 2 1 1 1 2 2 2 1 2 2 1 0 0 0 0 0 0 0 
  6086384 231490728 704142774
  6086384 231490764 704142738
  6086384 231517008 704116494
  6086384 231516972 704116530
  8212148 232196886 703436616
  8212148 232196922 703436580
  6086384 232196886 703436616
  6086384 232196922 703436580
  8212148 232223166 703410336
  8212148 232223130 703410372
  6086384 232223166 703410336
  6086384 232223130 703410372
  2897738 234679374 704142774
  2897738 234679410 704142738
  2897738 234705654 704116494
  2897738 234705618 704116530
  2897738 235385532 703436616
  2897738 235385568 703436580
  2897738 235411812 703410336
  2897738 235411776 703410372
-------------------------------
PAT: 1 2 1 1 1 2 2 2 1 2 1 2 0 0 0 0 0 0 0 
  6086384 231490728 704142774
  6086384 231490764 704142738
  6086384 231517008 704116494
  6086384 231516972 704116530
  8212148 232196886 703436616
  8212148 232196922 703436580
  6086384 232196886 703436616
  6086384 232196922 703436580
  8212148 232223166 703410336
  8212148 232223130 703410372
  6086384 232223166 703410336
  6086384 232223130 703410372
  2897738 234679374 704142774
  2897738 234679410 704142738
  2897738 234705654 704116494
  2897738 234705618 704116530
  2897738 235385532 703436616
  2897738 235385568 703436580
  2897738 235411812 703410336
  2897738 235411776 703410372
-------------------------------
